241201
243126
244526
302126
302226
302301
302326
306540
306926
307001
346026
371026
379526
4113917
4114084
4114309
4118790
4121715
4121921
4125253
4159553
4167842
4168345
4211053
4211094
4211356
4211395
4211397
4211398
4211414
4211415
4211452
4211807
4218749
4224793
4227517
447701
4521187
4523159
4527526
4538353
4542590
4566028
4569297
4612603
4618651
4645099
4653049
4654580
4654582
4655900
6000606
6022171
6023804
6046905
6046907
6047015
6051511
6054551
6057414
6058177
6063767
6066097
6089147
6092572
6092587
6092601
6093053
6116602
6126082
6143058
6150310
6168642
6174941
6176433
6178242
6178243
654101
